a = [
0 0 5.65477 6.13477 5.36538
0 1 5.25264 5.64008 4.96154
0 2 5.71695 5.82152 5.5
0 3 5.42434 5.71121 5.17308
0 4 4.89449 5.31897 4.63462
0 5 4.48779 4.75851 4.19231
0 6 4.98483 5.43211 4.71154
0 7 3.5629 3.78081 3.28846
0 8 3.83426 4.05458 3.53846
0 9 3.1912 3.2668 2.92308
0 10 2.93949 3.13335 2.65385
0 11 2.8997 3.11666 2.63462
0 12 2.95468 3.06921 2.69231
0 13 2.31338 2.45988 2.01923
0 14 2.19137 2.2156 1.86538
0 15 2.60641 2.62748 2.32692
0 16 3.11871 3.33182 2.86538
0 17 3.72723 4.03253 3.38462
0 18 4.68032 5.1796 4.36538
0 19 5.29992 5.82354 5.07692
0 20 7.0526 7.8766 6.82692
0 21 7.62037 8.48112 7.44231
0 22 7.75355 8.48016 7.57692
0 23 9.24439 10.2308 9.07692
0 24 9.86436 10.7708 9.69231
0 25 10.5781 11.7812 10.4038
0 26 10.9383 12.5878 10.7885
0 27 10.5496 11.6364 10.3846
0 28 10.6744 11.6642 10.5769
0 29 8.85596 9.7838 8.65385
0 30 9.24353 10.164 9.05769
0 31 9.26721 10.2807 9.09615
0 32 9.30262 10.1875 9.07692
0 33 8.70339 9.34643 8.48077
0 34 9.06098 10.1976 8.86538
0 35 8.33051 9.19858 8.15385
0 36 8.20722 8.93932 8
0 37 7.06468 7.83266 6.86538
0 38 7.15851 7.9133 6.92308
0 39 6.79357 7.51927 6.5
0 40 6.51081 7.01304 6.25
0 41 6.73956 7.14622 6.5
0 42 6.39511 6.82351 6.13462
0 43 6.54664 7.13791 6.34615
0 44 7.12904 7.76286 6.90385
0 45 6.82638 7.27115 6.57692
0 46 5.41404 5.69823 5.15385
0 47 5.83652 6.31829 5.57692
0 48 5.2969 5.70383 5.03846
0 49 5.51453 5.79116 5.26923
0 50 4.54077 4.78387 4.28846
0 51 4.6105 4.88275 4.32692
0 52 3.68021 3.7975 3.38462
0 53 4.04553 4.41292 3.71154
0 54 3.07769 3.22504 2.86538
0 55 2.88222 2.88753 2.61538
0 56 2.67678 2.7905 2.38462
0 57 2.50036 2.63281 2.15385
0 58 2.37951 2.32379 2.09615
0 59 2.35089 2.43138 2.05769
0 60 2.32613 2.33772 2.01923
0 61 1.98479 2.07195 1.63462
0 62 2.37819 2.28194 2.09615
0 63 2.01607 2.05607 1.69231
0 64 2.67468 2.83485 2.36538
0 65 3.13878 3.32576 2.90385
0 66 3.92265 4.17912 3.69231
0 67 5.54834 5.89232 5.32692
0 68 6.39486 7.08499 6.32692
0 69 6.9561 7.70945 6.75
0 70 7.57839 8.26791 7.38462
0 71 10.3116 11.4469 10.0962
0 72 9.87449 10.9841 9.73077
0 73 10.8148 12.0164 10.6346
0 74 11.4636 12.8748 11.2885
0 75 11.5061 12.9051 11.3269
0 76 10.7636 12.1571 10.5577
0 77 10.8445 12.2102 10.6346
0 78 10.0824 11.3152 9.84615
0 79 10.2724 11.5305 10.0769
0 80 9.07762 9.9289 8.92308
0 81 9.28893 10.3719 9.03846
0 82 8.20369 9.06063 7.96154
0 83 8.01984 8.96113 7.80769
0 84 7.27022 7.90916 7.07692
0 85 7.74747 8.70555 7.65385
0 86 7.93685 8.83867 7.76923
0 87 7.56797 8.20423 7.30769
0 88 7.50961 7.97968 7.26923
0 89 7.57861 8.71142 7.32692
0 90 7.32016 7.7344 7.11538
0 91 7.14899 7.60752 7
0 92 6.38565 7.1117 6.09615
0 93 6.01798 6.53169 5.75
0 94 5.47447 5.9482 5.23077
0 95 5.29977 5.61166 5.03846
0 96 4.63242 4.92509 4.32692
0 97 4.80444 5.0803 4.51923
0 98 3.9096 4.06235 3.63462
0 99 4.13428 4.41564 3.82692
0 100 3.66466 3.76584 3.40385
0 101 3.02873 3.11459 2.75
0 102 2.91811 2.99139 2.63462
0 103 2.25042 2.30078 1.96154
0 104 2.43126 2.44703 2.11538
0 105 2.25787 2.22048 2.01923
0 106 1.92131 1.96202 1.59615
0 107 2.0629 2.10898 1.75
0 108 2.09466 2.1559 1.76923
0 109 1.91681 1.88857 1.59615
0 110 1.78201 1.74745 1.48077
0 111 2.03702 2.07375 1.65385
0 112 2.54979 2.77676 2.21154
0 113 3.00775 3.07993 2.73077
0 114 4.00948 4.44637 3.73077
0 115 4.95443 5.56605 4.73077
0 116 5.72662 6.25806 5.48077
0 117 6.74797 7.42083 6.5
0 118 7.38734 8.15423 7.17308
0 119 9.05184 10.0578 8.82692
0 120 9.0324 10.0722 8.78846
0 121 10.5152 11.6691 10.3269
0 122 9.84543 10.8739 9.67308
0 123 10.5432 11.6126 10.3077
0 124 10.115 11.306 9.94231
0 125 10.2659 11.3913 10.0962
0 126 10.228 11.4511 10.0385
0 127 8.84287 9.66297 8.61538
0 128 9.72234 10.8347 9.53846
0 129 8.82974 10.1594 8.59615
0 130 8.34925 9.18822 8.09615
0 131 7.44727 8.23106 7.25
0 132 7.25788 8.09435 7
0 133 6.83919 7.57034 6.61538
0 134 6.79995 7.48489 6.53846
0 135 7.36156 8.25195 7.11538
0 136 6.2245 6.89438 5.94231
0 137 7.02464 7.71121 6.76923
0 138 6.72564 7.06386 6.5
0 139 6.12268 6.50683 5.92308
0 140 6.2654 6.69572 5.98077
0 141 5.87623 6.39754 5.57692
0 142 5.66905 6.31161 5.38462
0 143 4.91364 5.10384 4.65385
0 144 4.90319 5.17842 4.65385
0 145 4.57281 4.90572 4.30769
0 146 4.25312 4.65144 3.94231
0 147 4.22902 4.48122 4
0 148 3.19069 3.33331 2.94231
0 149 3.24444 3.30193 2.94231
0 150 3.13003 3.31104 2.80769
0 151 2.64269 2.71682 2.34615
0 152 2.72331 2.83627 2.51923
0 153 2.20088 2.1335 1.98077
0 154 2.33911 2.38469 2.05769
0 155 2.08164 1.98446 1.80769
0 156 2.11593 2.16206 1.76923
0 157 2.07041 2.01012 1.76923
0 158 2.19605 2.27791 1.82692
0 159 2.1452 2.13195 1.86538
0 160 2.68439 2.73283 2.36538
0 161 3.05302 3.25713 2.69231
0 162 4.17732 4.35643 3.90385
0 163 5.38706 5.89772 5.09615
0 164 6.26739 6.87654 6.05769
0 165 7.53231 8.31027 7.32692
0 166 8.8146 9.79978 8.59615
0 167 8.72482 9.44631 8.5
0 168 10.0168 11.2753 9.86538
0 169 10.9435 12.3076 10.7885
0 170 11.5837 12.8367 11.4423
0 171 10.6443 12.0906 10.4038
0 172 10.9977 12.3788 10.8654
0 173 11.2966 12.8728 11.1346
0 174 10.301 11.3838 10.1154
0 175 10.3454 11.6457 10.2115
0 176 9.59145 10.4872 9.40385
0 177 9.15855 10.3265 8.98077
0 178 7.89535 8.74268 7.67308
0 179 7.57394 7.998 7.40385
0 180 8.73503 9.95043 8.5
0 181 8.00714 9.05952 7.84615
0 182 8.09968 8.91032 7.86538
0 183 7.59338 8.25707 7.36538
0 184 7.207 7.66558 6.98077
0 185 7.17541 7.68344 7
0 186 7.29842 8.19813 7.07692
0 187 6.52167 7.22831 6.23077
0 188 6.6927 7.21773 6.44231
0 189 6.6013 7.0459 6.36538
0 190 5.79612 6.43942 5.51923
0 191 5.75512 6.17178 5.5
0 192 4.7268 5.09784 4.49524
0 193 5.04991 5.30793 4.81905
0 194 4.96077 5.31673 4.68571
0 195 3.98667 4.11889 3.71429
0 196 3.84416 4.20913 3.50476
0 197 3.48214 3.74227 3.27619
0 198 3.0375 3.15944 2.7619
0 199 2.98883 3.06922 2.72381
0 200 3.1021 3.16316 2.81905
0 201 2.85053 2.86075 2.57143
0 202 2.5816 2.69991 2.28571
0 203 2.59932 2.65077 2.30476
0 204 2.24756 2.32425 1.94286
0 205 2.35946 2.35035 2.0381
0 206 1.93495 1.91587 1.6381
0 207 1.89537 1.8779 1.54286
0 208 2.97232 3.37912 2.66667
0 209 3.30469 3.48834 3.04762
0 210 4.12098 4.22341 3.86667
0 211 5.17063 5.55078 4.95238
0 212 5.84725 6.52928 5.6
0 213 7.18202 8.02669 6.97143
0 214 8.22984 9.38909 8.01905
0 215 8.60026 9.50338 8.3619
0 216 8.82173 9.79514 8.62857
0 217 9.47632 10.548 9.31429
0 218 8.79699 9.55953 8.62857
0 219 10.4561 11.5905 10.2857
0 220 9.69566 10.7033 9.46667
0 221 9.21671 10.3994 9.10476
0 222 9.48445 10.2923 9.29524
0 223 9.31176 10.1189 9.14286
0 224 8.55344 9.63102 8.38095
0 225 8.634 9.21412 8.4
0 226 7.25859 8.03344 7.00952
0 227 7.89206 8.82819 7.65714
0 228 7.28797 7.86101 7.04762
0 229 6.99463 7.56035 6.72381
0 230 6.84494 7.34249 6.70476
0 231 7.27741 7.97957 7.06667
0 232 6.22425 6.69415 5.9619
0 233 6.79078 7.15482 6.60952
0 234 6.53104 7.00741 6.24762
0 235 6.96041 7.49617 6.7619
0 236 5.60209 5.98651 5.31429
0 237 6.00873 6.53275 5.75238
0 238 5.43182 5.8539 5.18095
0 239 5.7334 6.09693 5.58095
0 240 5.08325 5.17641 4.8381
0 241 5.38643 5.65286 5.10476
0 242 4.47065 4.71642 4.26667
0 243 4.6629 4.96011 4.38095
0 244 3.98858 4.25856 3.71429
0 245 4.10863 4.24043 3.88571
0 246 3.7367 3.94141 3.48571
0 247 3.87349 4.02463 3.67619
0 248 3.32013 3.44822 3.02857
0 249 3.59573 3.65757 3.33333
0 250 2.69869 2.85564 2.41905
0 251 2.60295 2.69911 2.32381
0 252 3.05096 3.13208 2.8381
0 253 3.21775 3.35739 2.87619
0 254 3.20405 3.42469 2.91429
0 255 2.82605 2.94905 2.57143
0 256 2.91941 3.18161 2.68571
0 257 3.46674 3.5096 3.2381
0 258 4.10198 4.42537 3.90476
0 259 4.93753 5.4001 4.70476
0 260 5.7998 6.42154 5.6381
0 261 5.47589 5.90993 5.2381
0 262 7.04941 7.52619 6.81905
0 263 7.58932 8.30415 7.37143
0 264 8.66694 9.41019 8.4381
0 265 8.80204 9.66322 8.53333
0 266 9.01822 10.1309 8.8
0 267 9.31321 10.1989 9.10476
0 268 9.68125 10.5357 9.46667
0 269 8.70436 9.40855 8.51429
0 270 9.04439 9.67506 8.85714
0 271 8.96748 9.85777 8.74286
0 272 8.90997 9.91526 8.70476
0 273 7.89761 8.66797 7.69524
0 274 7.26654 7.82803 7.02857
