0 0 0 0 0.442569
0 0 0 1 5.2479
0 0 0 2 2.58358
0 0 1 0 0.734799
0 0 1 1 16.8692
0 0 1 2 5.37091
0 0 2 0 0.450923
0 0 2 1 5.34304
0 0 2 2 2.56258
0 0 3 0 0.733724
0 0 3 1 16.2381
0 0 3 2 5.75858
0 1 0 0 0.430607
0 1 0 1 5.27345
0 1 0 2 2.59212
0 1 1 0 0.83392
0 1 1 1 16.378
0 1 1 2 5.34363
0 1 2 0 0.437381
0 1 2 1 5.40907
0 1 2 2 2.49982
0 1 3 0 0.736839
0 1 3 1 16.2117
0 1 3 2 5.79774
0 2 0 0 0.423333
0 2 0 1 5.56205
0 2 0 2 2.35461
0 2 1 0 0.83014
0 2 1 1 16.4545
0 2 1 2 5.47918
0 2 2 0 0.453755
0 2 2 1 5.47384
0 2 2 2 2.40623
0 2 3 0 0.819216
0 2 3 1 16.7975
0 2 3 2 5.14048
0 3 0 0 0.45609
0 3 0 1 5.04488
0 3 0 2 2.67104
0 3 1 0 0.832099
0 3 1 1 16.6307
0 3 1 2 5.23247
0 3 2 0 0.394051
0 3 2 1 5.41125
0 3 2 2 2.3796
0 3 3 0 0.818609
0 3 3 1 16.6465
0 3 3 2 5.32066
0 4 0 0 0.441091
0 4 0 1 5.53937
0 4 0 2 2.34546
0 4 1 0 0.819954
0 4 1 1 16.8963
0 4 1 2 4.99489
0 4 2 0 0.399297
0 4 2 1 5.41597
0 4 2 2 2.40044
0 4 3 0 0.818985
0 4 3 1 16.741
0 4 3 2 5.20286
0 5 0 0 0.431936
0 5 0 1 5.21897
0 5 0 2 2.51438
0 5 1 0 0.834298
0 5 1 1 16.4474
0 5 1 2 5.20948
0 5 2 0 0.425022
0 5 2 1 5.28844
0 5 2 2 2.62086
0 5 3 0 0.818961
0 5 3 1 16.731
0 5 3 2 5.22456
0 6 0 0 0.432156
0 6 0 1 5.26455
0 6 0 2 2.58409
0 6 1 0 0.81162
0 6 1 1 16.5542
0 6 1 2 5.48745
0 6 2 0 0.435651
0 6 2 1 5.27923
0 6 2 2 2.51677
0 6 3 0 0.806393
0 6 3 1 16.3681
0 6 3 2 5.44781
