0 0 0 0.338848
0 0 1 0.243974
0 0 2 0.337877
0 0 3 0.242591
0 1 0 0.332527
0 1 1 0.246238
0 1 2 0.332336
0 1 3 0.245852
0 2 0 0.336657
0 2 1 0.248511
0 2 2 0.335856
0 2 3 0.245417
0 3 0 0.340114
0 3 1 0.252788
0 3 2 0.337563
0 3 3 0.25258
0 4 0 0.315123
0 4 1 0.270649
0 4 2 0.315034
0 4 3 0.27283
0 5 0 0.268333
0 5 1 0.31364
0 5 2 0.26866
0 5 3 0.314428
0 6 0 0.248863
0 6 1 0.33746
0 6 2 0.251332
0 6 3 0.333684
0 7 0 0.246052
0 7 1 0.345705
0 7 2 0.246805
0 7 3 0.3422
0 8 0 0.249644
0 8 1 0.351128
0 8 2 0.244407
0 8 3 0.353854
0 9 0 0.243124
0 9 1 0.358881
0 9 2 0.243694
0 9 3 0.353898
0 10 0 0.341757
0 10 1 0.246767
0 10 2 0.340765
0 10 3 0.244442
0 11 0 0.340287
0 11 1 0.247137
0 11 2 0.342334
0 11 3 0.247252
0 12 0 0.338476
0 12 1 0.246856
0 12 2 0.33664
0 12 3 0.248388
0 13 0 0.339314
0 13 1 0.252458
0 13 2 0.334849
0 13 3 0.251302
0 14 0 0.313891
0 14 1 0.272643
0 14 2 0.314812
0 14 3 0.272526
0 15 0 0.270215
0 15 1 0.316642
0 15 2 0.2734
0 15 3 0.316379
0 16 0 0.249989
0 16 1 0.337219
0 16 2 0.252527
0 16 3 0.333854
0 17 0 0.246762
0 17 1 0.345502
0 17 2 0.245979
0 17 3 0.345027
0 18 0 0.246938
0 18 1 0.353018
0 18 2 0.246286
0 18 3 0.351656
0 19 0 0.246633
0 19 1 0.359899
0 19 2 0.244568
0 19 3 0.359697
0 20 0 0.346757
0 20 1 0.246534
0 20 2 0.343096
0 20 3 0.246529
0 21 0 0.348232
0 21 1 0.246951
0 21 2 0.345634
0 21 3 0.24771
0 22 0 0.343807
0 22 1 0.252164
0 22 2 0.343506
0 22 3 0.251365
0 23 0 0.335453
0 23 1 0.25952
0 23 2 0.332853
0 23 3 0.255906
0 24 0 0.314708
0 24 1 0.276374
0 24 2 0.317494
0 24 3 0.274126
0 25 0 0.273116
0 25 1 0.316361
0 25 2 0.273529
0 25 3 0.314483
0 26 0 0.252977
0 26 1 0.337356
0 26 2 0.254498
0 26 3 0.338345
0 27 0 0.247161
0 27 1 0.344605
0 27 2 0.247247
0 27 3 0.342654
0 28 0 0.24423
0 28 1 0.346306
0 28 2 0.244392
0 28 3 0.347071
0 29 0 0.242022
0 29 1 0.354817
0 29 2 0.242857
0 29 3 0.3578
0 30 0 0.34634
0 30 1 0.254312
0 30 2 0.342481
0 30 3 0.255354
0 31 0 0.346634
0 31 1 0.254431
0 31 2 0.347762
0 31 3 0.253317
0 32 0 0.349378
0 32 1 0.25692
0 32 2 0.33809
0 32 3 0.256774
0 33 0 0.335494
0 33 1 0.263105
0 33 2 0.337075
0 33 3 0.263111
0 34 0 0.322605
0 34 1 0.27624
0 34 2 0.316453
0 34 3 0.275896
0 35 0 0.277508
0 35 1 0.316028
0 35 2 0.280107
0 35 3 0.312245
0 36 0 0.260666
0 36 1 0.336036
0 36 2 0.263059
0 36 3 0.334211
0 37 0 0.253934
0 37 1 0.334034
0 37 2 0.256563
0 37 3 0.337493
0 38 0 0.251294
0 38 1 0.348161
0 38 2 0.253564
0 38 3 0.343117
0 39 0 0.25307
0 39 1 0.348732
0 39 2 0.25092
0 39 3 0.348567
0 40 0 0.322435
0 40 1 0.27795
0 40 2 0.318246
0 40 3 0.276799
0 41 0 0.323141
0 41 1 0.278477
0 41 2 0.321649
0 41 3 0.278022
0 42 0 0.327222
0 42 1 0.275392
0 42 2 0.323544
0 42 3 0.275813
0 43 0 0.313971
0 43 1 0.280164
0 43 2 0.311723
0 43 3 0.28025
0 44 0 0.316691
0 44 1 0.286984
0 44 2 0.318299
0 44 3 0.287591
0 45 0 0.291393
0 45 1 0.311377
0 45 2 0.286715
0 45 3 0.311747
0 46 0 0.280039
0 46 1 0.323268
0 46 2 0.284368
0 46 3 0.320454
0 47 0 0.279869
0 47 1 0.325057
0 47 2 0.279195
0 47 3 0.321855
0 48 0 0.279167
0 48 1 0.319402
0 48 2 0.278868
0 48 3 0.326763
0 49 0 0.279665
0 49 1 0.329273
0 49 2 0.279622
0 49 3 0.328864
0 50 0 0.271129
0 50 1 0.329881
0 50 2 0.270776
0 50 3 0.328852
0 51 0 0.272316
0 51 1 0.328745
0 51 2 0.273196
0 51 3 0.329371
0 52 0 0.276105
0 52 1 0.317235
0 52 2 0.275167
0 52 3 0.320899
0 53 0 0.276729
0 53 1 0.316236
0 53 2 0.280242
0 53 3 0.318201
0 54 0 0.293004
0 54 1 0.30381
0 54 2 0.287518
0 54 3 0.310149
0 55 0 0.31656
0 55 1 0.289486
0 55 2 0.32015
0 55 3 0.290573
0 56 0 0.320095
0 56 1 0.278642
0 56 2 0.315674
0 56 3 0.280799
0 57 0 0.327648
0 57 1 0.274456
0 57 2 0.334319
0 57 3 0.273058
0 58 0 0.329884
0 58 1 0.275148
0 58 2 0.328145
0 58 3 0.273293
0 59 0 0.337324
0 59 1 0.274035
0 59 2 0.337151
0 59 3 0.276292
0 60 0 0.249278
0 60 1 0.352993
0 60 2 0.250393
0 60 3 0.350519
0 61 0 0.25238
0 61 1 0.354156
0 61 2 0.252228
0 61 3 0.358555
0 62 0 0.260212
0 62 1 0.345545
0 62 2 0.259287
0 62 3 0.343587
0 63 0 0.260951
0 63 1 0.324946
0 63 2 0.262035
0 63 3 0.342343
0 64 0 0.278049
0 64 1 0.32116
0 64 2 0.280462
0 64 3 0.310955
0 65 0 0.321223
0 65 1 0.275296
0 65 2 0.312669
0 65 3 0.276568
0 66 0 0.335141
0 66 1 0.259273
0 66 2 0.338341
0 66 3 0.262394
0 67 0 0.353365
0 67 1 0.250903
0 67 2 0.338014
0 67 3 0.250784
0 68 0 0.356645
0 68 1 0.252909
0 68 2 0.358168
0 68 3 0.250692
0 69 0 0.360457
0 69 1 0.252159
0 69 2 0.359941
0 69 3 0.251973
0 70 0 0.245159
0 70 1 0.364254
0 70 2 0.243975
0 70 3 0.362159
0 71 0 0.247067
0 71 1 0.365689
0 71 2 0.246978
0 71 3 0.361409
0 72 0 0.251875
0 72 1 0.357117
0 72 2 0.252734
0 72 3 0.355734
0 73 0 0.255487
0 73 1 0.34396
0 73 2 0.255648
0 73 3 0.339874
0 74 0 0.274724
0 74 1 0.313774
0 74 2 0.27436
0 74 3 0.314676
0 75 0 0.324438
0 75 1 0.273496
0 75 2 0.322866
0 75 3 0.272629
0 76 0 0.341244
0 76 1 0.255767
0 76 2 0.344087
0 76 3 0.25488
0 77 0 0.355668
0 77 1 0.248416
0 77 2 0.359198
0 77 3 0.247321
0 78 0 0.359557
0 78 1 0.245776
0 78 2 0.361773
0 78 3 0.245282
0 79 0 0.367794
0 79 1 0.246049
0 79 2 0.363018
0 79 3 0.243949
0 80 0 0.244724
0 80 1 0.367535
0 80 2 0.243404
0 80 3 0.365711
0 81 0 0.247523
0 81 1 0.365113
0 81 2 0.245454
0 81 3 0.364643
0 82 0 0.247709
0 82 1 0.359927
0 82 2 0.247644
0 82 3 0.363021
0 83 0 0.255925
0 83 1 0.344942
0 83 2 0.255884
0 83 3 0.342716
0 84 0 0.274678
0 84 1 0.318908
0 84 2 0.274433
0 84 3 0.318027
0 85 0 0.319094
0 85 1 0.273905
0 85 2 0.317872
0 85 3 0.272832
0 86 0 0.351459
0 86 1 0.256209
0 86 2 0.346103
0 86 3 0.257039
0 87 0 0.360884
0 87 1 0.250086
0 87 2 0.360331
0 87 3 0.249924
0 88 0 0.366342
0 88 1 0.247007
0 88 2 0.368226
0 88 3 0.244735
0 89 0 0.367975
0 89 1 0.242354
0 89 2 0.370124
0 89 3 0.243943
0 90 0 0.237978
0 90 1 0.370536
0 90 2 0.237949
0 90 3 0.368728
0 91 0 0.241508
0 91 1 0.365788
0 91 2 0.242464
0 91 3 0.3666
0 92 0 0.244375
0 92 1 0.361952
0 92 2 0.244386
0 92 3 0.362822
0 93 0 0.253968
0 93 1 0.34309
0 93 2 0.252871
0 93 3 0.344027
0 94 0 0.273732
0 94 1 0.321072
0 94 2 0.274942
0 94 3 0.320907
0 95 0 0.322491
0 95 1 0.27547
0 95 2 0.325915
0 95 3 0.274284
0 96 0 0.355862
0 96 1 0.256288
0 96 2 0.357389
0 96 3 0.253951
0 97 0 0.375555
0 97 1 0.249886
0 97 2 0.374368
0 97 3 0.250486
0 98 0 0.380134
0 98 1 0.252142
0 98 2 0.380809
0 98 3 0.247539
0 99 0 0.379144
0 99 1 0.251171
0 99 2 0.37605
0 99 3 0.247494
