0 0 0 0.340213
0 0 1 0.24576
0 0 2 0.342898
0 0 3 0.246075
0 1 0 0.342126
0 1 1 0.247247
0 1 2 0.341505
0 1 3 0.248394
0 2 0 0.339483
0 2 1 0.250014
0 2 2 0.338894
0 2 3 0.248602
0 3 0 0.335901
0 3 1 0.257193
0 3 2 0.335824
0 3 3 0.255845
0 4 0 0.316264
0 4 1 0.276239
0 4 2 0.319134
0 4 3 0.272145
0 5 0 0.271032
0 5 1 0.309846
0 5 2 0.274299
0 5 3 0.313183
0 6 0 0.25487
0 6 1 0.336865
0 6 2 0.256495
0 6 3 0.332802
0 7 0 0.2479
0 7 1 0.338738
0 7 2 0.249452
0 7 3 0.339496
0 8 0 0.243046
0 8 1 0.342574
0 8 2 0.245863
0 8 3 0.34088
0 9 0 0.242597
0 9 1 0.351377
0 9 2 0.242994
0 9 3 0.349431
0 10 0 0.346134
0 10 1 0.243133
0 10 2 0.346492
0 10 3 0.246786
0 11 0 0.343028
0 11 1 0.246707
0 11 2 0.346529
0 11 3 0.246793
0 12 0 0.337108
0 12 1 0.25242
0 12 2 0.33944
0 12 3 0.250024
0 13 0 0.334372
0 13 1 0.25793
0 13 2 0.333185
0 13 3 0.25866
0 14 0 0.312991
0 14 1 0.277847
0 14 2 0.311166
0 14 3 0.277809
0 15 0 0.272938
0 15 1 0.318921
0 15 2 0.272322
0 15 3 0.320788
0 16 0 0.255579
0 16 1 0.334545
0 16 2 0.257834
0 16 3 0.33386
0 17 0 0.247334
0 17 1 0.342134
0 17 2 0.248844
0 17 3 0.34629
0 18 0 0.245884
0 18 1 0.346262
0 18 2 0.249601
0 18 3 0.347229
0 19 0 0.244578
0 19 1 0.35342
0 19 2 0.248683
0 19 3 0.351642
0 20 0 0.340386
0 20 1 0.243613
0 20 2 0.342298
0 20 3 0.242513
0 21 0 0.33645
0 21 1 0.245607
0 21 2 0.336229
0 21 3 0.244176
0 22 0 0.338652
0 22 1 0.251794
0 22 2 0.341595
0 22 3 0.249139
0 23 0 0.327322
0 23 1 0.258599
0 23 2 0.328579
0 23 3 0.257293
0 24 0 0.313917
0 24 1 0.279917
0 24 2 0.315576
0 24 3 0.279058
0 25 0 0.272939
0 25 1 0.318372
0 25 2 0.272986
0 25 3 0.321624
0 26 0 0.255189
0 26 1 0.338741
0 26 2 0.256347
0 26 3 0.337378
0 27 0 0.250142
0 27 1 0.347857
0 27 2 0.247828
0 27 3 0.351747
0 28 0 0.253035
0 28 1 0.349387
0 28 2 0.249879
0 28 3 0.352171
0 29 0 0.24761
0 29 1 0.351278
0 29 2 0.250011
0 29 3 0.349678
0 30 0 0.333457
0 30 1 0.247954
0 30 2 0.336497
0 30 3 0.247841
0 31 0 0.331276
0 31 1 0.252198
0 31 2 0.334908
0 31 3 0.251934
0 32 0 0.333248
0 32 1 0.254969
0 32 2 0.33869
0 32 3 0.25464
0 33 0 0.326667
0 33 1 0.267369
0 33 2 0.332276
0 33 3 0.265081
0 34 0 0.317502
0 34 1 0.284668
0 34 2 0.315473
0 34 3 0.285066
0 35 0 0.277932
0 35 1 0.318876
0 35 2 0.277781
0 35 3 0.316709
0 36 0 0.260553
0 36 1 0.341971
0 36 2 0.260781
0 36 3 0.341011
0 37 0 0.252905
0 37 1 0.34156
0 37 2 0.254946
0 37 3 0.347859
0 38 0 0.253181
0 38 1 0.342548
0 38 2 0.252955
0 38 3 0.34598
0 39 0 0.256479
0 39 1 0.339145
0 39 2 0.255492
0 39 3 0.339397
0 40 0 0.320197
0 40 1 0.266291
0 40 2 0.316864
0 40 3 0.266043
0 41 0 0.316714
0 41 1 0.276557
0 41 2 0.314931
0 41 3 0.273386
0 42 0 0.313371
0 42 1 0.274534
0 42 2 0.31324
0 42 3 0.274198
0 43 0 0.312035
0 43 1 0.28544
0 43 2 0.310895
0 43 3 0.282438
0 44 0 0.309814
0 44 1 0.291023
0 44 2 0.308055
0 44 3 0.291934
0 45 0 0.287968
0 45 1 0.315139
0 45 2 0.286227
0 45 3 0.315699
0 46 0 0.277976
0 46 1 0.321444
0 46 2 0.277839
0 46 3 0.321254
0 47 0 0.276058
0 47 1 0.328846
0 47 2 0.274094
0 47 3 0.32548
0 48 0 0.274712
0 48 1 0.324653
0 48 2 0.273637
0 48 3 0.325417
0 49 0 0.275832
0 49 1 0.324138
0 49 2 0.276786
0 49 3 0.32488
0 50 0 0.270469
0 50 1 0.317243
0 50 2 0.271511
0 50 3 0.316384
0 51 0 0.269793
0 51 1 0.321777
0 51 2 0.269556
0 51 3 0.318972
0 52 0 0.271871
0 52 1 0.318132
0 52 2 0.272644
0 52 3 0.319079
0 53 0 0.277537
0 53 1 0.321964
0 53 2 0.280327
0 53 3 0.321855
0 54 0 0.28754
0 54 1 0.309225
0 54 2 0.287635
0 54 3 0.310864
0 55 0 0.307793
0 55 1 0.291422
0 55 2 0.308031
0 55 3 0.290369
0 56 0 0.313967
0 56 1 0.283449
0 56 2 0.316244
0 56 3 0.283397
0 57 0 0.318141
0 57 1 0.280983
0 57 2 0.317553
0 57 3 0.279969
0 58 0 0.324517
0 58 1 0.278992
0 58 2 0.32423
0 58 3 0.281101
0 59 0 0.328175
0 59 1 0.276997
0 59 2 0.328958
0 59 3 0.277133
0 60 0 0.249653
0 60 1 0.346594
0 60 2 0.25206
0 60 3 0.35039
0 61 0 0.24992
0 61 1 0.348476
0 61 2 0.248644
0 61 3 0.347061
0 62 0 0.256633
0 62 1 0.34725
0 62 2 0.255245
0 62 3 0.349736
0 63 0 0.263054
0 63 1 0.344685
0 63 2 0.263243
0 63 3 0.343559
0 64 0 0.281854
0 64 1 0.323855
0 64 2 0.282061
0 64 3 0.321155
0 65 0 0.316664
0 65 1 0.282162
0 65 2 0.322457
0 65 3 0.281129
0 66 0 0.333302
0 66 1 0.262434
0 66 2 0.341342
0 66 3 0.264463
0 67 0 0.34501
0 67 1 0.255741
0 67 2 0.349244
0 67 3 0.255836
0 68 0 0.35769
0 68 1 0.25415
0 68 2 0.353809
0 68 3 0.253167
0 69 0 0.359363
0 69 1 0.25774
0 69 2 0.356855
0 69 3 0.257868
0 70 0 0.241784
0 70 1 0.368674
0 70 2 0.241805
0 70 3 0.368196
0 71 0 0.245426
0 71 1 0.369979
0 71 2 0.242656
0 71 3 0.368724
0 72 0 0.252479
0 72 1 0.363768
0 72 2 0.250172
0 72 3 0.36394
0 73 0 0.256808
0 73 1 0.35047
0 73 2 0.258547
0 73 3 0.351588
0 74 0 0.276719
0 74 1 0.325562
0 74 2 0.276907
0 74 3 0.322396
0 75 0 0.322627
0 75 1 0.27894
0 75 2 0.325631
0 75 3 0.279567
0 76 0 0.345161
0 76 1 0.255242
0 76 2 0.34652
0 76 3 0.255215
0 77 0 0.359143
0 77 1 0.246972
0 77 2 0.359662
0 77 3 0.245504
0 78 0 0.36966
0 78 1 0.2458
0 78 2 0.371088
0 78 3 0.245845
0 79 0 0.374769
0 79 1 0.246518
0 79 2 0.377673
0 79 3 0.248976
0 80 0 0.239258
0 80 1 0.385016
0 80 2 0.238836
0 80 3 0.382681
0 81 0 0.242625
0 81 1 0.378328
0 81 2 0.240274
0 81 3 0.381269
0 82 0 0.247219
0 82 1 0.36838
0 82 2 0.248019
0 82 3 0.367986
0 83 0 0.255873
0 83 1 0.35744
0 83 2 0.254966
0 83 3 0.359445
0 84 0 0.27647
0 84 1 0.329808
0 84 2 0.275477
0 84 3 0.330816
0 85 0 0.321897
0 85 1 0.278691
0 85 2 0.323711
0 85 3 0.277581
0 86 0 0.35048
0 86 1 0.253826
0 86 2 0.347416
0 86 3 0.253964
0 87 0 0.364053
0 87 1 0.247747
0 87 2 0.364725
0 87 3 0.242845
0 88 0 0.375411
0 88 1 0.243365
0 88 2 0.374858
0 88 3 0.243889
0 89 0 0.376867
0 89 1 0.243424
0 89 2 0.377385
0 89 3 0.2437
0 90 0 0.239852
0 90 1 0.393355
0 90 2 0.235854
0 90 3 0.393292
0 91 0 0.238684
0 91 1 0.384059
0 91 2 0.239551
0 91 3 0.386538
0 92 0 0.246253
0 92 1 0.374714
0 92 2 0.246483
0 92 3 0.373953
0 93 0 0.253372
0 93 1 0.358994
0 93 2 0.254462
0 93 3 0.355658
0 94 0 0.27894
0 94 1 0.328903
0 94 2 0.278121
0 94 3 0.328898
0 95 0 0.332009
0 95 1 0.276627
0 95 2 0.335382
0 95 3 0.276469
0 96 0 0.358302
0 96 1 0.25425
0 96 2 0.355773
0 96 3 0.252878
0 97 0 0.367443
0 97 1 0.243167
0 97 2 0.36485
0 97 3 0.242549
0 98 0 0.377519
0 98 1 0.244238
0 98 2 0.37702
0 98 3 0.241835
0 99 0 0.386915
0 99 1 0.244017
0 99 2 0.381229
0 99 3 0.245185
